J=0.023902855733356 ;            
b=2.951998199902568;            
K=1.234414328212990;
R=0.097902611179658;            
L=0.044493972479394;
A=[-b/J K/J; -K/L R/L];
B=[0;1/L];
C=[1,0];
D=0;